
 =>datafile ConQuestExample.dat;

 =>Format pid 1-10 tdlsfngy 11 tdmsfgy 12 tdssfgy 13 responses 14-231;

 =>codes 1,0;

 =>labels << ConQuestExample.lab;

 =>score ( 0 1 ) ( 0 1 ) () () () ! items( 1-47, 50-53, 55-56, 58-86, 88-113, 115-121, 124-132, 134, 136-168 );

 =>score ( 0 1 ) () ( 0 1 ) () () ! items( 48-49, 54, 57, 87, 114, 122-123, 133, 135 );

 =>score ( 0 1 ) () () ( 0 1 ) () ! items( 169-202 );

 =>score ( 0 1 ) () () () ( 0 1 ) ! items( 203-218 );

 =>import anchor_parameters << ConQuestExample.ank;

 =>set constraints=none;

 =>set warnings=no,update=yes,n_plausible=5,p_nodes=2000,f_nodes=2000;

 =>regression tdlsfngy tdmsfgy tdssfgy;

 =>model item;

 =>estimate ! method=montecarlo,iter=3000,nodes=3500,converge=0.0001,deviancechange=0.0001,stderr=quick,distribution=normal;
.......................................................
Iteration =    1
   Deviance=    212169.010 
   Covariance 
      0.90638      0.02731      0.11784      0.04000
      0.02731      0.98597      0.02624      0.01871
      0.11784      0.02624      0.96785      0.07109
      0.04000      0.01871      0.07109      0.94640
   Correlation 
      1.00000      0.02889      0.12581      0.04319
      0.02889      1.00000      0.02686      0.01936
      0.12581      0.02686      1.00000      0.07428
      0.04319      0.01936      0.07428      1.00000
   Regression Coefficients 
     -0.00097      0.02911      0.32029      0.34219      0.00938     -0.01654      0.05809      0.03281      0.00564     -0.06645      0.77243      0.77413     -0.00112     -0.01104      0.26934      0.23058
   Item Parameters 
         1   0.88500
         2  -0.22100
         3   1.10700
         4   1.55300
         5   0.00700
         6  -0.61400
         7  -1.78100
         8   1.10700
         9   0.14900
        10   0.38100
        11  -0.58900
        12   1.14200
        13  -0.30400
        14  -0.39900
        15  -1.06200
        16  -1.79300
        17  -0.11300
        18  -0.13600
        19  -0.01900
        20  -0.95000
        21   0.19700
        22  -0.62100
        23   1.24000
        24  -2.99500
        25  -0.74100
        26  -1.22900
        27  -0.20300
        28  -0.70200
        29  -0.62700
        30  -0.63100
        31  -0.33500
        32   0.70300
        33  -0.74400
        34  -1.48600
        35  -1.57000
        36   1.60900
        37  -0.44300
        38   0.35000
        39   0.68500
        40  -0.70300
        41  -0.63900
        42  -0.78900
        43   0.06500
        44  -1.56700
        45   0.01100
        46  -0.60600
        47  -2.16500
        48   0.95700
        49   1.69500
        50   0.71000
        51  -0.76500
        52  -1.41500
        53  -0.17900
        54   1.36400
        55  -0.13700
        56  -1.48400
        57   0.34100
        58  -0.35200
        59  -1.07500
        60  -0.81100
        61   1.44400
        62  -1.79400
        63  -2.05600
        64   2.52500
        65   0.34200
        66  -0.42200
        67  -0.56500
        68   0.20100
        69   0.22800
        70   0.99000
        71  -1.51100
        72   0.49500
        73   0.58500
        74   4.36100
        75  -0.13200
        76   2.15000
        77  -1.36400
        78   3.14100
        79   0.18900
        80   1.12700
        81   0.02600
        82   1.25500
        83  -0.68200
        84   1.66500
        85   1.54900
        86   1.72500
        87  -2.95900
        88  -0.59700
        89   0.17500
        90  -0.15600
        91  -0.53500
        92  -1.56200
        93  -1.21100
        94  -1.37300
        95   0.48200
        96   0.87100
        97   0.87100
        98   1.48000
        99   1.72200
       100   1.03800
       101  -1.87400
       102   0.17800
       103   0.43900
       104   1.71100
       105  -2.17400
       106   3.14300
       107   2.79300
       108   1.79300
       109   1.01700
       110  -0.81700
       111   2.05500
       112  -1.48400
       113  -1.38100
       114   0.82800
       115   0.02700
       116   0.39200
       117   0.32800
       118  -0.00100
       119  -1.69800
       120   1.43600
       121   1.65700
       122  -1.15600
       123   2.98000
       124   0.19000
       125   0.52400
       126  -0.98600
       127   2.67800
       128  -2.12200
       129  -1.49700
       130  -1.60400
       131  -0.90700
       132  -0.50400
       133   0.42200
       134  -2.33400
       135   1.04900
       136  -1.41000
       137   1.12700
       138  -1.28400
       139   0.79700
       140  -0.37900
       141  -0.55400
       142   2.30700
       143   0.00200
       144  -1.43700
       145  -0.72800
       146   1.98500
       147   1.34200
       148   1.51300
       149   2.05300
       150   2.28100
       151   2.65400
       152   0.45100
       153   3.09900
       154   0.43100
       155   2.68300
       156  -0.43400
       157   2.97100
       158   1.08200
       159   0.12800
       160   0.62100
       161   1.36500
       162   0.72500
       163   2.19800
       164  -0.37700
       165   2.02000
       166   0.75700
       167   0.96300
       168   0.09700
       169  -3.13800
       170  -1.58400
       171  -1.19700
       172  -2.07300
       173  -1.54700
       174  -0.48700
       175  -0.64000
       176  -1.16800
       177  -1.46000
       178  -4.13300
       179  -0.35900
       180   0.61600
       181   0.99600
       182   0.95900
       183  -0.66700
       184  -0.45100
       185  -3.10500
       186  -2.78600
       187  -3.87600
       188   1.14200
       189  -2.30900
       190  -0.83700
       191  -2.18100
       192  -1.42400
       193  -2.42900
       194  -2.66300
       195  -4.02100
       196  -2.96400
       197  -2.27300
       198  -0.29300
       199  -1.18200
       200   0.26600
       201  -0.40900
       202   0.37900
       203  -4.40900
       204  -1.56600
       205  -2.19200
       206  -0.20700
       207  -1.45500
       208  -1.10400
       209  -1.19000
       210  -0.59200
       211   0.51900
       212   1.67700
       213   0.59500
       214   1.33100
       215   1.47100
       216   1.27300
       217   1.54000
       218   1.27300
Maximum change in item parameters was    0.00000 for parameter   0 
Maximum change in regression parameters was    0.77413 for dimension  3 coefficient  4
Maximum change in covariance parameters was    0.11784
 for term  1  3.......................................................
Iteration =    2
   Deviance=    209515.545 
   Covariance 
      0.82820      0.04893      0.20573      0.07938
      0.04893      0.98370      0.04527      0.03409
      0.20573      0.04527      1.01766      0.11808
      0.07938      0.03409      0.11808      0.88358
   Correlation 
      1.00000      0.05421      0.22409      0.09279
      0.05421      1.00000      0.04525      0.03656
      0.22409      0.04525      1.00000      0.12452
      0.09279      0.03656      0.12452      1.00000
   Regression Coefficients 
      0.00073      0.04488      0.52986      0.54919      0.01524     -0.03238      0.11313      0.06676      0.00490     -0.07748      0.96209      0.96218      0.00061     -0.01879      0.44856      0.38755
   Item Parameters 
         1   0.88500
         2  -0.22100
         3   1.10700
         4   1.55300
         5   0.00700
         6  -0.61400
         7  -1.78100
         8   1.10700
         9   0.14900
        10   0.38100
        11  -0.58900
        12   1.14200
        13  -0.30400
        14  -0.39900
        15  -1.06200
        16  -1.79300
        17  -0.11300
        18  -0.13600
        19  -0.01900
        20  -0.95000
        21   0.19700
        22  -0.62100
        23   1.24000
        24  -2.99500
        25  -0.74100
        26  -1.22900
        27  -0.20300
        28  -0.70200
        29  -0.62700
        30  -0.63100
        31  -0.33500
        32   0.70300
        33  -0.74400
        34  -1.48600
        35  -1.57000
        36   1.60900
        37  -0.44300
        38   0.35000
        39   0.68500
        40  -0.70300
        41  -0.63900
        42  -0.78900
        43   0.06500
        44  -1.56700
        45   0.01100
        46  -0.60600
        47  -2.16500
        48   0.95700
        49   1.69500
        50   0.71000
        51  -0.76500
        52  -1.41500
        53  -0.17900
        54   1.36400
        55  -0.13700
        56  -1.48400
        57   0.34100
        58  -0.35200
        59  -1.07500
        60  -0.81100
        61   1.44400
        62  -1.79400
        63  -2.05600
        64   2.52500
        65   0.34200
        66  -0.42200
        67  -0.56500
        68   0.20100
        69   0.22800
        70   0.99000
        71  -1.51100
        72   0.49500
        73   0.58500
        74   4.36100
        75  -0.13200
        76   2.15000
        77  -1.36400
        78   3.14100
        79   0.18900
        80   1.12700
        81   0.02600
        82   1.25500
        83  -0.68200
        84   1.66500
        85   1.54900
        86   1.72500
        87  -2.95900
        88  -0.59700
        89   0.17500
        90  -0.15600
        91  -0.53500
        92  -1.56200
        93  -1.21100
        94  -1.37300
        95   0.48200
        96   0.87100
        97   0.87100
        98   1.48000
        99   1.72200
       100   1.03800
       101  -1.87400
       102   0.17800
       103   0.43900
       104   1.71100
       105  -2.17400
       106   3.14300
       107   2.79300
       108   1.79300
       109   1.01700
       110  -0.81700
       111   2.05500
       112  -1.48400
       113  -1.38100
       114   0.82800
       115   0.02700
       116   0.39200
       117   0.32800
       118  -0.00100
       119  -1.69800
       120   1.43600
       121   1.65700
       122  -1.15600
       123   2.98000
       124   0.19000
       125   0.52400
       126  -0.98600
       127   2.67800
       128  -2.12200
       129  -1.49700
       130  -1.60400
       131  -0.90700
       132  -0.50400
       133   0.42200
       134  -2.33400
       135   1.04900
       136  -1.41000
       137   1.12700
       138  -1.28400
       139   0.79700
       140  -0.37900
       141  -0.55400
       142   2.30700
       143   0.00200
       144  -1.43700
       145  -0.72800
       146   1.98500
       147   1.34200
       148   1.51300
       149   2.05300
       150   2.28100
       151   2.65400
       152   0.45100
       153   3.09900
       154   0.43100
       155   2.68300
       156  -0.43400
       157   2.97100
       158   1.08200
       159   0.12800
       160   0.62100
       161   1.36500
       162   0.72500
       163   2.19800
       164  -0.37700
       165   2.02000
       166   0.75700
       167   0.96300
       168   0.09700
       169  -3.13800
       170  -1.58400
       171  -1.19700
       172  -2.07300
       173  -1.54700
       174  -0.48700
       175  -0.64000
       176  -1.16800
       177  -1.46000
       178  -4.13300
       179  -0.35900
       180   0.61600
       181   0.99600
       182   0.95900
       183  -0.66700
       184  -0.45100
       185  -3.10500
       186  -2.78600
       187  -3.87600
       188   1.14200
       189  -2.30900
       190  -0.83700
       191  -2.18100
       192  -1.42400
       193  -2.42900
       194  -2.66300
       195  -4.02100
       196  -2.96400
       197  -2.27300
       198  -0.29300
       199  -1.18200
       200   0.26600
       201  -0.40900
       202   0.37900
       203  -4.40900
       204  -1.56600
       205  -2.19200
       206  -0.20700
       207  -1.45500
       208  -1.10400
       209  -1.19000
       210  -0.59200
       211   0.51900
       212   1.67700
       213   0.59500
       214   1.33100
       215   1.47100
       216   1.27300
       217   1.54000
       218   1.27300
Maximum change in item parameters was    0.00000 for parameter   0 
Maximum change in regression parameters was    0.20957 for dimension  1 coefficient  3
Maximum change in covariance parameters was    0.08789
 for term  1  3Change in the deviance was   2653.464
.......................................................
Iteration =    3
   Deviance=    209003.727 
   Covariance 
      0.77073      0.06897      0.25941      0.11305
      0.06897      0.98609      0.06736      0.04728
      0.25941      0.06736      1.05079      0.15379
      0.11305      0.04728      0.15379      0.83597
   Correlation 
      1.00000      0.07911      0.28826      0.14084
      0.07911      1.00000      0.06617      0.05207
      0.28826      0.06617      1.00000      0.16409
      0.14084      0.05207      0.16409      1.00000
   Regression Coefficients 
      0.00328      0.05217      0.65035      0.65887      0.02113     -0.04704      0.16259      0.09542      0.00637     -0.07948      1.01390      1.01318      0.00082     -0.02397      0.55516      0.47884
   Item Parameters 
         1   0.88500
         2  -0.22100
         3   1.10700
         4   1.55300
         5   0.00700
         6  -0.61400
         7  -1.78100
         8   1.10700
         9   0.14900
        10   0.38100
        11  -0.58900
        12   1.14200
        13  -0.30400
        14  -0.39900
        15  -1.06200
        16  -1.79300
        17  -0.11300
        18  -0.13600
        19  -0.01900
        20  -0.95000
        21   0.19700
        22  -0.62100
        23   1.24000
        24  -2.99500
        25  -0.74100
        26  -1.22900
        27  -0.20300
        28  -0.70200
        29  -0.62700
        30  -0.63100
        31  -0.33500
        32   0.70300
        33  -0.74400
        34  -1.48600
        35  -1.57000
        36   1.60900
        37  -0.44300
        38   0.35000
        39   0.68500
        40  -0.70300
        41  -0.63900
        42  -0.78900
        43   0.06500
        44  -1.56700
        45   0.01100
        46  -0.60600
        47  -2.16500
        48   0.95700
        49   1.69500
        50   0.71000
        51  -0.76500
        52  -1.41500
        53  -0.17900
        54   1.36400
        55  -0.13700
        56  -1.48400
        57   0.34100
        58  -0.35200
        59  -1.07500
        60  -0.81100
        61   1.44400
        62  -1.79400
        63  -2.05600
        64   2.52500
        65   0.34200
        66  -0.42200
        67  -0.56500
        68   0.20100
        69   0.22800
        70   0.99000
        71  -1.51100
        72   0.49500
        73   0.58500
        74   4.36100
        75  -0.13200
        76   2.15000
        77  -1.36400
        78   3.14100
        79   0.18900
        80   1.12700
        81   0.02600
        82   1.25500
        83  -0.68200
        84   1.66500
        85   1.54900
        86   1.72500
        87  -2.95900
        88  -0.59700
        89   0.17500
        90  -0.15600
        91  -0.53500
        92  -1.56200
        93  -1.21100
        94  -1.37300
        95   0.48200
        96   0.87100
        97   0.87100
        98   1.48000
        99   1.72200
       100   1.03800
       101  -1.87400
       102   0.17800
       103   0.43900
       104   1.71100
       105  -2.17400
       106   3.14300
       107   2.79300
       108   1.79300
       109   1.01700
       110  -0.81700
       111   2.05500
       112  -1.48400
       113  -1.38100
       114   0.82800
       115   0.02700
       116   0.39200
       117   0.32800
       118  -0.00100
       119  -1.69800
       120   1.43600
       121   1.65700
       122  -1.15600
       123   2.98000
       124   0.19000
       125   0.52400
       126  -0.98600
       127   2.67800
       128  -2.12200
       129  -1.49700
       130  -1.60400
       131  -0.90700
       132  -0.50400
       133   0.42200
       134  -2.33400
       135   1.04900
       136  -1.41000
       137   1.12700
       138  -1.28400
       139   0.79700
       140  -0.37900
       141  -0.55400
       142   2.30700
       143   0.00200
       144  -1.43700
       145  -0.72800
       146   1.98500
       147   1.34200
       148   1.51300
       149   2.05300
       150   2.28100
       151   2.65400
       152   0.45100
       153   3.09900
       154   0.43100
       155   2.68300
       156  -0.43400
       157   2.97100
       158   1.08200
       159   0.12800
       160   0.62100
       161   1.36500
       162   0.72500
       163   2.19800
       164  -0.37700
       165   2.02000
       166   0.75700
       167   0.96300
       168   0.09700
       169  -3.13800
       170  -1.58400
       171  -1.19700
       172  -2.07300
       173  -1.54700
       174  -0.48700
       175  -0.64000
       176  -1.16800
       177  -1.46000
       178  -4.13300
       179  -0.35900
       180   0.61600
       181   0.99600
       182   0.95900
       183  -0.66700
       184  -0.45100
       185  -3.10500
       186  -2.78600
       187  -3.87600
       188   1.14200
       189  -2.30900
       190  -0.83700
       191  -2.18100
       192  -1.42400
       193  -2.42900
       194  -2.66300
       195  -4.02100
       196  -2.96400
       197  -2.27300
       198  -0.29300
       199  -1.18200
       200   0.26600
       201  -0.40900
       202   0.37900
       203  -4.40900
       204  -1.56600
       205  -2.19200
       206  -0.20700
       207  -1.45500
       208  -1.10400
       209  -1.19000
       210  -0.59200
       211   0.51900
       212   1.67700
       213   0.59500
       214   1.33100
       215   1.47100
       216   1.27300
       217   1.54000
       218   1.27300
Maximum change in item parameters was    0.00000 for parameter   0 
Maximum change in regression parameters was    0.12049 for dimension  1 coefficient  3
Maximum change in covariance parameters was   -0.05747
 for term  1  1Change in the deviance was    511.819
.......................................................
Iteration =    4
   Deviance=    208801.832 
   Covariance 
      0.72914      0.08639      0.29320      0.13932
      0.08639      0.99038      0.08820      0.05902
      0.29320      0.08820      1.06641      0.18043
      0.13932      0.05902      0.18043      0.79915
   Correlation 
      1.00000      0.10166      0.33251      0.18251
      0.10166      1.00000      0.08582      0.06634
      0.33251      0.08582      1.00000      0.19545
      0.18251      0.06634      0.19545      1.00000
   Regression Coefficients 
      0.00628      0.05435      0.71929      0.71688      0.02688     -0.06048      0.20622      0.11946      0.00767     -0.07992      1.02660      1.02497      0.00021     -0.02745      0.61789      0.53207
   Item Parameters 
         1   0.88500
         2  -0.22100
         3   1.10700
         4   1.55300
         5   0.00700
         6  -0.61400
         7  -1.78100
         8   1.10700
         9   0.14900
        10   0.38100
        11  -0.58900
        12   1.14200
        13  -0.30400
        14  -0.39900
        15  -1.06200
        16  -1.79300
        17  -0.11300
        18  -0.13600
        19  -0.01900
        20  -0.95000
        21   0.19700
        22  -0.62100
        23   1.24000
        24  -2.99500
        25  -0.74100
        26  -1.22900
        27  -0.20300
        28  -0.70200
        29  -0.62700
        30  -0.63100
        31  -0.33500
        32   0.70300
        33  -0.74400
        34  -1.48600
        35  -1.57000
        36   1.60900
        37  -0.44300
        38   0.35000
        39   0.68500
        40  -0.70300
        41  -0.63900
        42  -0.78900
        43   0.06500
        44  -1.56700
        45   0.01100
        46  -0.60600
        47  -2.16500
        48   0.95700
        49   1.69500
        50   0.71000
        51  -0.76500
        52  -1.41500
        53  -0.17900
        54   1.36400
        55  -0.13700
        56  -1.48400
        57   0.34100
        58  -0.35200
        59  -1.07500
        60  -0.81100
        61   1.44400
        62  -1.79400
        63  -2.05600
        64   2.52500
        65   0.34200
        66  -0.42200
        67  -0.56500
        68   0.20100
        69   0.22800
        70   0.99000
        71  -1.51100
        72   0.49500
        73   0.58500
        74   4.36100
        75  -0.13200
        76   2.15000
        77  -1.36400
        78   3.14100
        79   0.18900
        80   1.12700
        81   0.02600
        82   1.25500
        83  -0.68200
        84   1.66500
        85   1.54900
        86   1.72500
        87  -2.95900
        88  -0.59700
        89   0.17500
        90  -0.15600
        91  -0.53500
        92  -1.56200
        93  -1.21100
        94  -1.37300
        95   0.48200
        96   0.87100
        97   0.87100
        98   1.48000
        99   1.72200
       100   1.03800
       101  -1.87400
       102   0.17800
       103   0.43900
       104   1.71100
       105  -2.17400
       106   3.14300
       107   2.79300
       108   1.79300
       109   1.01700
       110  -0.81700
       111   2.05500
       112  -1.48400
       113  -1.38100
       114   0.82800
       115   0.02700
       116   0.39200
       117   0.32800
       118  -0.00100
       119  -1.69800
       120   1.43600
       121   1.65700
       122  -1.15600
       123   2.98000
       124   0.19000
       125   0.52400
       126  -0.98600
       127   2.67800
       128  -2.12200
       129  -1.49700
       130  -1.60400
       131  -0.90700
       132  -0.50400
       133   0.42200
       134  -2.33400
       135   1.04900
       136  -1.41000
       137   1.12700
       138  -1.28400
       139   0.79700
       140  -0.37900
       141  -0.55400
       142   2.30700
       143   0.00200
       144  -1.43700
       145  -0.72800
       146   1.98500
       147   1.34200
       148   1.51300
       149   2.05300
       150   2.28100
       151   2.65400
       152   0.45100
       153   3.09900
       154   0.43100
       155   2.68300
       156  -0.43400
       157   2.97100
       158   1.08200
       159   0.12800
       160   0.62100
       161   1.36500
       162   0.72500
       163   2.19800
       164  -0.37700
       165   2.02000
       166   0.75700
       167   0.96300
       168   0.09700
       169  -3.13800
       170  -1.58400
       171  -1.19700
       172  -2.07300
       173  -1.54700
       174  -0.48700
       175  -0.64000
       176  -1.16800
       177  -1.46000
       178  -4.13300
       179  -0.35900
       180   0.61600
       181   0.99600
       182   0.95900
       183  -0.66700
       184  -0.45100
       185  -3.10500
       186  -2.78600
       187  -3.87600
       188   1.14200
       189  -2.30900
       190  -0.83700
       191  -2.18100
       192  -1.42400
       193  -2.42900
       194  -2.66300
       195  -4.02100
       196  -2.96400
       197  -2.27300
       198  -0.29300
       199  -1.18200
       200   0.26600
       201  -0.40900
       202   0.37900
       203  -4.40900
       204  -1.56600
       205  -2.19200
       206  -0.20700
       207  -1.45500
       208  -1.10400
       209  -1.19000
       210  -0.59200
       211   0.51900
       212   1.67700
       213   0.59500
       214   1.33100
       215   1.47100
       216   1.27300
       217   1.54000
       218   1.27300
Maximum change in item parameters was    0.00000 for parameter   0 
Maximum change in regression parameters was    0.06894 for dimension  1 coefficient  3
Maximum change in covariance parameters was   -0.04159
 for term  1  1Change in the deviance was    201.895
.......................................................
Iteration =    5
   Deviance=    208697.089 
   Covariance 
      0.69827      0.10160      0.31524      0.15932
      0.10160      0.99524      0.10665      0.06980
      0.31524      0.10665      1.07102      0.19946
      0.15932      0.06980      0.19946      0.77058
   Correlation 
      1.00000      0.12188      0.36453      0.21720
      0.12188      1.00000      0.10330      0.07970
      0.36453      0.10330      1.00000      0.21956
      0.21720      0.07970      0.21956      1.00000
   Regression Coefficients 
      0.00900      0.05416      0.75988      0.74835      0.03232     -0.07273      0.24496      0.14048      0.00848     -0.08004      1.02819      1.02633     -0.00081     -0.02954      0.65516      0.56396
   Item Parameters 
         1   0.88500
         2  -0.22100
         3   1.10700
         4   1.55300
         5   0.00700
         6  -0.61400
         7  -1.78100
         8   1.10700
         9   0.14900
        10   0.38100
        11  -0.58900
        12   1.14200
        13  -0.30400
        14  -0.39900
        15  -1.06200
        16  -1.79300
        17  -0.11300
        18  -0.13600
        19  -0.01900
        20  -0.95000
        21   0.19700
        22  -0.62100
        23   1.24000
        24  -2.99500
        25  -0.74100
        26  -1.22900
        27  -0.20300
        28  -0.70200
        29  -0.62700
        30  -0.63100
        31  -0.33500
        32   0.70300
        33  -0.74400
        34  -1.48600
        35  -1.57000
        36   1.60900
        37  -0.44300
        38   0.35000
        39   0.68500
        40  -0.70300
        41  -0.63900
        42  -0.78900
        43   0.06500
        44  -1.56700
        45   0.01100
        46  -0.60600
        47  -2.16500
        48   0.95700
        49   1.69500
        50   0.71000
        51  -0.76500
        52  -1.41500
        53  -0.17900
        54   1.36400
        55  -0.13700
        56  -1.48400
        57   0.34100
        58  -0.35200
        59  -1.07500
        60  -0.81100
        61   1.44400
        62  -1.79400
        63  -2.05600
        64   2.52500
        65   0.34200
        66  -0.42200
        67  -0.56500
        68   0.20100
        69   0.22800
        70   0.99000
        71  -1.51100
        72   0.49500
        73   0.58500
        74   4.36100
        75  -0.13200
        76   2.15000
        77  -1.36400
        78   3.14100
        79   0.18900
        80   1.12700
        81   0.02600
        82   1.25500
        83  -0.68200
        84   1.66500
        85   1.54900
        86   1.72500
        87  -2.95900
        88  -0.59700
        89   0.17500
        90  -0.15600
        91  -0.53500
        92  -1.56200
        93  -1.21100
        94  -1.37300
        95   0.48200
        96   0.87100
        97   0.87100
        98   1.48000
        99   1.72200
       100   1.03800
       101  -1.87400
       102   0.17800
       103   0.43900
       104   1.71100
       105  -2.17400
       106   3.14300
       107   2.79300
       108   1.79300
       109   1.01700
       110  -0.81700
       111   2.05500
       112  -1.48400
       113  -1.38100
       114   0.82800
       115   0.02700
       116   0.39200
       117   0.32800
       118  -0.00100
       119  -1.69800
       120   1.43600
       121   1.65700
       122  -1.15600
       123   2.98000
       124   0.19000
       125   0.52400
       126  -0.98600
       127   2.67800
       128  -2.12200
       129  -1.49700
       130  -1.60400
       131  -0.90700
       132  -0.50400
       133   0.42200
       134  -2.33400
       135   1.04900
       136  -1.41000
       137   1.12700
       138  -1.28400
       139   0.79700
       140  -0.37900
       141  -0.55400
       142   2.30700
       143   0.00200
       144  -1.43700
       145  -0.72800
       146   1.98500
       147   1.34200
       148   1.51300
       149   2.05300
       150   2.28100
       151   2.65400
       152   0.45100
       153   3.09900
       154   0.43100
       155   2.68300
       156  -0.43400
       157   2.97100
       158   1.08200
       159   0.12800
       160   0.62100
       161   1.36500
       162   0.72500
       163   2.19800
       164  -0.37700
       165   2.02000
       166   0.75700
       167   0.96300
       168   0.09700
       169  -3.13800
       170  -1.58400
       171  -1.19700
       172  -2.07300
       173  -1.54700
       174  -0.48700
       175  -0.64000
       176  -1.16800
       177  -1.46000
       178  -4.13300
       179  -0.35900
       180   0.61600
       181   0.99600
       182   0.95900
       183  -0.66700
       184  -0.45100
       185  -3.10500
       186  -2.78600
       187  -3.87600
       188   1.14200
       189  -2.30900
       190  -0.83700
       191  -2.18100
       192  -1.42400
       193  -2.42900
       194  -2.66300
       195  -4.02100
       196  -2.96400
       197  -2.27300
       198  -0.29300
       199  -1.18200
       200   0.26600
       201  -0.40900
       202   0.37900
       203  -4.40900
       204  -1.56600
       205  -2.19200
       206  -0.20700
       207  -1.45500
       208  -1.10400
       209  -1.19000
       210  -0.59200
       211   0.51900
       212   1.67700
       213   0.59500
       214   1.33100
       215   1.47100
       216   1.27300
       217   1.54000
       218   1.27300
Maximum change in item parameters was    0.00000 for parameter   0 
Maximum change in regression parameters was    0.04059 for dimension  1 coefficient  3
Maximum change in covariance parameters was   -0.03087
 for term  1  1Change in the deviance was    104.743
.......................................................
Iteration =    6
   Deviance=    208635.232 
   Covariance 
      0.67459      0.11522      0.33013      0.17477
      0.11522      1.00013      0.12306      0.07984
      0.33013      0.12306      1.07050      0.21296
      0.17477      0.07984      0.21296      0.74816
   Correlation 
      1.00000      0.14027      0.38848      0.24600
      0.14027      1.00000      0.11893      0.09230
      0.38848      0.11893      1.00000      0.23796
      0.24600      0.09230      0.23796      1.00000
   Regression Coefficients 
      0.01127      0.05300      0.78435      0.76603      0.03742     -0.08389      0.27970      0.15912      0.00888     -0.08009      1.02694      1.02510     -0.00192     -0.03056      0.67753      0.58334
   Item Parameters 
         1   0.88500
         2  -0.22100
         3   1.10700
         4   1.55300
         5   0.00700
         6  -0.61400
         7  -1.78100
         8   1.10700
         9   0.14900
        10   0.38100
        11  -0.58900
        12   1.14200
        13  -0.30400
        14  -0.39900
        15  -1.06200
        16  -1.79300
        17  -0.11300
        18  -0.13600
        19  -0.01900
        20  -0.95000
        21   0.19700
        22  -0.62100
        23   1.24000
        24  -2.99500
        25  -0.74100
        26  -1.22900
        27  -0.20300
        28  -0.70200
        29  -0.62700
        30  -0.63100
        31  -0.33500
        32   0.70300
        33  -0.74400
        34  -1.48600
        35  -1.57000
        36   1.60900
        37  -0.44300
        38   0.35000
        39   0.68500
        40  -0.70300
        41  -0.63900
        42  -0.78900
        43   0.06500
        44  -1.56700
        45   0.01100
        46  -0.60600
        47  -2.16500
        48   0.95700
        49   1.69500
        50   0.71000
        51  -0.76500
        52  -1.41500
        53  -0.17900
        54   1.36400
        55  -0.13700
        56  -1.48400
        57   0.34100
        58  -0.35200
        59  -1.07500
        60  -0.81100
        61   1.44400
        62  -1.79400
        63  -2.05600
        64   2.52500
        65   0.34200
        66  -0.42200
        67  -0.56500
        68   0.20100
        69   0.22800
        70   0.99000
        71  -1.51100
        72   0.49500
        73   0.58500
        74   4.36100
        75  -0.13200
        76   2.15000
        77  -1.36400
        78   3.14100
        79   0.18900
        80   1.12700
        81   0.02600
        82   1.25500
        83  -0.68200
        84   1.66500
        85   1.54900
        86   1.72500
        87  -2.95900
        88  -0.59700
        89   0.17500
        90  -0.15600
        91  -0.53500
        92  -1.56200
        93  -1.21100
        94  -1.37300
        95   0.48200
        96   0.87100
        97   0.87100
        98   1.48000
        99   1.72200
       100   1.03800
       101  -1.87400
       102   0.17800
       103   0.43900
       104   1.71100
       105  -2.17400
       106   3.14300
       107   2.79300
       108   1.79300
       109   1.01700
       110  -0.81700
       111   2.05500
       112  -1.48400
       113  -1.38100
       114   0.82800
       115   0.02700
       116   0.39200
       117   0.32800
       118  -0.00100
       119  -1.69800
       120   1.43600
       121   1.65700
       122  -1.15600
       123   2.98000
       124   0.19000
       125   0.52400
       126  -0.98600
       127   2.67800
       128  -2.12200
       129  -1.49700
       130  -1.60400
       131  -0.90700
       132  -0.50400
       133   0.42200
       134  -2.33400
       135   1.04900
       136  -1.41000
       137   1.12700
       138  -1.28400
       139   0.79700
       140  -0.37900
       141  -0.55400
       142   2.30700
       143   0.00200
       144  -1.43700
       145  -0.72800
       146   1.98500
       147   1.34200
       148   1.51300
       149   2.05300
       150   2.28100
       151   2.65400
       152   0.45100
       153   3.09900
       154   0.43100
       155   2.68300
       156  -0.43400
       157   2.97100
       158   1.08200
       159   0.12800
       160   0.62100
       161   1.36500
       162   0.72500
       163   2.19800
       164  -0.37700
       165   2.02000
       166   0.75700
       167   0.96300
       168   0.09700
       169  -3.13800
       170  -1.58400
       171  -1.19700
       172  -2.07300
       173  -1.54700
       174  -0.48700
       175  -0.64000
       176  -1.16800
       177  -1.46000
       178  -4.13300
       179  -0.35900
       180   0.61600
       181   0.99600
       182   0.95900
       183  -0.66700
       184  -0.45100
       185  -3.10500
       186  -2.78600
       187  -3.87600
       188   1.14200
       189  -2.30900
       190  -0.83700
       191  -2.18100
       192  -1.42400
       193  -2.42900
       194  -2.66300
       195  -4.02100
       196  -2.96400
       197  -2.27300
       198  -0.29300
       199  -1.18200
       200   0.26600
       201  -0.40900
       202   0.37900
       203  -4.40900
       204  -1.56600
       205  -2.19200
       206  -0.20700
       207  -1.45500
       208  -1.10400
       209  -1.19000
       210  -0.59200
       211   0.51900
       212   1.67700
       213   0.59500
       214   1.33100
       215   1.47100
       216   1.27300
       217   1.54000
       218   1.27300
Maximum change in item parameters was    0.00000 for parameter   0 
Maximum change in regression parameters was    0.03474 for dimension  2 coefficient  3
Maximum change in covariance parameters was   -0.02369
 for term  1  1Change in the deviance was     61.856
.......................................................
Iteration =    7
   Deviance=    208595.699 
   Covariance 
      0.65592      0.12763      0.34054      0.18696
      0.12763      1.00485      0.13780      0.08927
      0.34054      0.13780      1.06802      0.22258
      0.18696      0.08927      0.22258      0.73035
   Correlation 
      1.00000      0.15720      0.40687      0.27012
      0.15720      1.00000      0.13302      0.10421
      0.40687      0.13302      1.00000      0.25202
      0.27012      0.10421      0.25202      1.00000
   Regression Coefficients 
      0.01312      0.05153      0.79935      0.77625      0.04222     -0.09406      0.31115      0.17582      0.00905     -0.08013      1.02525      1.02352     -0.00294     -0.03087      0.69103      0.59520
   Item Parameters 
         1   0.88500
         2  -0.22100
         3   1.10700
         4   1.55300
         5   0.00700
         6  -0.61400
         7  -1.78100
         8   1.10700
         9   0.14900
        10   0.38100
        11  -0.58900
        12   1.14200
        13  -0.30400
        14  -0.39900
        15  -1.06200
        16  -1.79300
        17  -0.11300
        18  -0.13600
        19  -0.01900
        20  -0.95000
        21   0.19700
        22  -0.62100
        23   1.24000
        24  -2.99500
        25  -0.74100
        26  -1.22900
        27  -0.20300
        28  -0.70200
        29  -0.62700
        30  -0.63100
        31  -0.33500
        32   0.70300
        33  -0.74400
        34  -1.48600
        35  -1.57000
        36   1.60900
        37  -0.44300
        38   0.35000
        39   0.68500
        40  -0.70300
        41  -0.63900
        42  -0.78900
        43   0.06500
        44  -1.56700
        45   0.01100
        46  -0.60600
        47  -2.16500
        48   0.95700
        49   1.69500
        50   0.71000
        51  -0.76500
        52  -1.41500
        53  -0.17900
        54   1.36400
        55  -0.13700
        56  -1.48400
        57   0.34100
        58  -0.35200
        59  -1.07500
        60  -0.81100
        61   1.44400
        62  -1.79400
        63  -2.05600
        64   2.52500
        65   0.34200
        66  -0.42200
        67  -0.56500
        68   0.20100
        69   0.22800
        70   0.99000
        71  -1.51100
        72   0.49500
        73   0.58500
        74   4.36100
        75  -0.13200
        76   2.15000
        77  -1.36400
        78   3.14100
        79   0.18900
        80   1.12700
        81   0.02600
        82   1.25500
        83  -0.68200
        84   1.66500
        85   1.54900
        86   1.72500
        87  -2.95900
        88  -0.59700
        89   0.17500
        90  -0.15600
        91  -0.53500
        92  -1.56200
        93  -1.21100
        94  -1.37300
        95   0.48200
        96   0.87100
        97   0.87100
        98   1.48000
        99   1.72200
       100   1.03800
       101  -1.87400
       102   0.17800
       103   0.43900
       104   1.71100
       105  -2.17400
       106   3.14300
       107   2.79300
       108   1.79300
       109   1.01700
       110  -0.81700
       111   2.05500
       112  -1.48400
       113  -1.38100
       114   0.82800
       115   0.02700
       116   0.39200
       117   0.32800
       118  -0.00100
       119  -1.69800
       120   1.43600
       121   1.65700
       122  -1.15600
       123   2.98000
       124   0.19000
       125   0.52400
       126  -0.98600
       127   2.67800
       128  -2.12200
       129  -1.49700
       130  -1.60400
       131  -0.90700
       132  -0.50400
       133   0.42200
       134  -2.33400
       135   1.04900
       136  -1.41000
       137   1.12700
